210
211
212
213
214
285
286
287
288
289
315
316
317
318
319
380
381
382
383
384
665
666
667
668
669
670
671
672
673
674
675
676
677
678
679
680
681
682
683
684
685
686
687
688
689
845
846
847
848
849
870
871
872
873
874
875
876
877
878
879
915
916
917
918
919
920
921
922
923
924
925
926
927
928
929
940
941
942
943
944
945
946
947
948
949
955
956
957
958
959
960
961
962
963
964
1015
1016
1017
1018
1019
1020
1021
1022
1023
1024
1035
1036
1037
1038
1039
1290
1291
1292
1293
1294
1340
1341
1342
1343
1344
1355
1356
1357
1358
1359
1360
1361
1362
1363
1364
1370
1371
1372
1373
1374
1385
1386
1387
1388
1389
1390
1391
1392
1393
1394
1410
1411
1412
1413
1414
1420
1421
1422
1423
1424
1695
1696
1697
1698
1699
2060
2061
2062
2063
2064
2310
2311
2312
2313
2314
2470
2471
2472
2473
2474
2475
2476
2477
2478
2479
2580
2581
2582
2583
2584
2585
2586
2587
2588
2589
2590
2591
2592
2593
2594
2595
2596
2597
2598
2599
2600
2601
2602
2603
2604
2610
2611
2612
2613
2614
2740
2741
2742
2743
2744
2950
2951
2952
2953
2954
2955
2956
2957
2958
2959
2960
2961
2962
2963
2964
2980
2981
2982
2983
2984
3100
3101
3102
3103
3104
3115
3116
3117
3118
3119
3125
3126
3127
3128
3129
3130
3131
3132
3133
3134
3295
3296
3297
3298
3299
3300
3301
3302
3303
3304
3310
3311
3312
3313
3314
3325
3326
3327
3328
3329
3330
3331
3332
3333
3334
3360
3361
3362
3363
3364
3365
3366
3367
3368
3369
3370
3371
3372
3373
3374
3375
3376
3377
3378
3379
3380
3381
3382
3383
3384
3385
3386
3387
3388
3389
3390
3391
3392
3393
3394
3400
3401
3402
3403
3404
3405
3406
3407
3408
3409
3620
3621
3622
3623
3624
3640
3641
3642
3643
3644
3645
3646
3647
3648
3649
3690
3691
3692
3693
3694
3725
3726
3727
3728
3729
3800
3801
3802
3803
3804
3815
3816
3817
3818
3819
3885
3886
3887
3888
3889
3890
3891
3892
3893
3894
3895
3896
3897
3898
3899
3900
3901
3902
3903
3904
3905
3906
3907
3908
3909
3925
3926
3927
3928
3929
3930
3931
3932
3933
3934
4055
4056
4057
4058
4059
4065
4066
4067
4068
4069
4070
4071
4072
4073
4074
4075
4076
4077
4078
4079
4080
4081
4082
4083
4084
4085
4086
4087
4088
4089
4095
4096
4097
4098
4099
4240
4241
4242
4243
4244
4285
4286
4287
4288
4289
4675
4676
4677
4678
4679
4680
4682
4683
4684
4685
4686
4687
4688
4689
4690
4691
4692
4693
4694
4695
4696
4697
4698
4699
4700
4701
4702
4703
4704
4710
4711
4712
4713
4714
4715
4716
4717
4718
4719
4720
4721
4722
4723
4724
4790
4791
4792
4793
4794
4840
4841
4842
4843
4844
4845
4846
4847
4848
4849
4850
4851
4852
4853
4854
4855
4856
4857
4858
4859
4860
4861
4862
4863
4864
4865
4866
4867
4868
4869
4925
4926
4927
4928
4929
5010
5011
5012
5013
5014
5025
5026
5027
5028
5029
5170
5171
5172
5173
5174
5215
5216
5217
5218
5219
5220
5221
5222
5223
5224
5260
5261
5262
5263
5264
5265
5266
5267
5268
5269
5275
5276
5277
5278
5279
5280
5281
5282
5283
5284
5380
5381
5382
5383
5384
5435
5436
5437
5438
5439
5440
5441
5442
5443
5444
5445
5446
5447
5448
5449
5455
5456
5457
5458
5459
5465
5466
5467
5468
5469
5555
5556
5557
5558
5559
5610
5611
5612
5613
5614
5665
5666
5667
5668
5669
5670
5671
5672
5673
5674
5685
5686
5687
5688
5689
5710
5711
5712
5713
5714
5805
5806
5807
5808
5809
5810
5811
5812
5813
5814
5825
5826
5827
5828
5829
5830
5831
5832
5833
5834
5835
5836
5837
5838
5839
5840
5841
5842
5843
5844
5845
5846
5847
5848
5849
5855
5856
5857
5858
5859
5860
5861
5862
5863
5864
5865
5866
5867
5868
5869
5870
5871
5872
5873
5874
5920
5921
5922
5923
5924
5925
5926
5927
5928
5929
5940
5941
5942
5943
5944
5945
5946
5947
5948
5949
5955
5956
5957
5958
5965
5966
5967
5968
5969
5970
5971
5972
5973
5974
6015
6016
6017
6018
6019
6030
6031
6032
6033
6034
6040
6041
6043
6044
6045
6046
6047
6048
6049
6060
6062
6063
6064
6065
6066
6067
6068
6069
6150
6151
6152
6153
6154
6160
6161
6162
6163
6164
6165
6166
6167
6168
6169
6175
6176
6177
6178
6179
6210
6211
6212
6213
6214
6235
6236
6237
6238
6239
6240
6241
6242
6243
6244
6315
6316
6317
6318
6319
6410
6411
6412
6413
6414
6465
6466
6467
6468
6469
6495
6496
6497
6498
6499
6500
6501
6502
6503
6504
6515
6516
6517
6518
6519
6520
6521
6522
6523
6524
6525
6526
6527
6528
6529
6545
6546
6547
6548
6549
6730
6731
6732
6733
6734
6820
6821
6822
6823
6824
6825
6826
6827
6828
6829
6835
6836
6837
6838
6839
6840
6841
6842
6843
6844
6845
6846
6847
6848
6849
6850
6851
6852
6853
6854
6855
6856
6857
6858
6859
6860
6861
6862
6863
6864
7410
7411
7412
7413
7414
7415
7416
7417
7418
7419
7720
7721
7722
7723
7724
7735
7736
7737
7738
7739
7870
7871
7872
7873
7874
7875
7877
7878
7879
7880
7881
7882
7883
7884
7885
7886
7887
7888
7889
7890
7891
7892
7893
7894
7900
7901
7902
7903
7904
7905
7906
7907
7908
7909
7910
7911
7912
7913
7914
8110
8111
8112
8113
8114
8115
8116
8117
8118
8119
8120
8121
8122
8123
8124
8125
8126
8127
8128
8129
8130
8131
8132
8133
8134
8135
8136
8137
8138
8139
8140
8141
8142
8143
8144
8575
8576
8577
8578
8579
8580
8581
8582
8583
8584
8585
8586
8587
8588
8589
8590
8591
8592
8593
8594
8595
8596
8597
8598
8599
8715
8716
8717
8718
8719
8725
8726
8727
8728
8729
8735
8736
8737
8738
8739
8740
8741
8742
8743
8744
8745
8746
8747
8748
8749
8755
8756
8757
8758
8759
8760
8761
8762
8763
8764
8770
8771
8772
8773
8774
8775
8776
8777
8778
8779
8780
8781
8782
8783
8784
8790
8791
8792
8793
8794
8795
8796
8797
8798
8799
8800
8801
8802
8803
8804
8840
8841
8842
8843
8844
9275
9276
9277
9278
9279
9280
9281
9282
9283
9284
9290
9291
9292
9293
9294
9305
9306
9307
9308
9309
9310
9311
9312
9313
9314
9320
9321
9322
9323
9324
9330
9331
9332
9333
9334
9390
9391
9392
9393
9394
9395
9396
9397
9398
9399
9400
9401
9402
9403
9404
9405
9406
9407
9408
9409
9410
9411
9412
9413
9414
9415
9416
9417
9418
9419
9420
9421
9422
9423
9424
9435
9436
9437
9438
9439
9730
9731
9732
9733
9734
9880
9881
9882
9883
9884
9900
9901
9902
9903
9904
9905
9906
9907
9908
9909
10020
10021
10022
10023
10024
10060
10061
10062
10063
10064
10080
10081
10082
10083
10084
10180
10181
10182
10183
10184
10320
10321
10322
10323
10324
10380
10381
10382
10383
10384
10385
10386
10387
10388
10389
10575
10576
10577
10578
10579
10710
10711
10712
10713
10714
11005
11006
11007
11008
11009
11030
11031
11032
11033
11034
11040
11041
11042
11043
11044
11120
11121
11122
11123
11124
11415
11416
11417
11418
11419
11430
11431
11432
11433
11434
11470
11471
11472
11473
11474
11475
11476
11477
11478
11479
11480
11481
11482
11483
11484
11485
11486
11487
11488
11489
11490
11491
11492
11493
11494
11495
11496
11497
11498
11499
11500
11501
11502
11503
11504
11795
11796
11797
11798
11799
11830
11831
11832
11833
11834
11945
11947
11948
11949
11950
11951
11952
11953
11954
11955
11956
11957
11958
11959
11970
11971
11972
11973
11974
12150
12151
12152
12153
12154
12350
12351
12352
12353
12354
12355
12356
12357
12358
12359
12415
12416
12417
12418
12419
12425
12426
12427
12428
12429
12430
12431
12432
12433
12434
12435
12436
12437
12438
12439
12455
12456
12457
12458
12459
12460
12461
12462
12463
12464
12610
12611
12612
12613
12614
12910
12911
12912
12913
12914
12960
12961
12962
12963
12964
13075
13076
13077
13078
13079
13185
13186
13187
13188
13189
13205
13206
13207
13208
13209
13215
13216
13217
13218
13219
13360
13361
13362
13363
13364
13365
13366
13367
13368
13369
13375
13376
13377
13378
13379
13390
13391
13392
13393
13394
13475
13476
13477
13478
13479
13595
13596
13597
13598
13599
13635
13636
13637
13638
13639
14170
14171
14172
14173
14174
14340
14341
14342
14343
14344
14395
14396
14397
14398
14399
14485
14486
14487
14488
14489
14505
14506
14507
14508
14509
14515
14516
14517
14518
14519
14740
14741
14742
14743
14744
14750
14751
14752
14753
14754
14755
14756
14757
14758
14759
14760
14761
14762
14763
14764
15385
15386
15387
15388
15389
15535
15536
15537
15538
15539
15545
15546
15547
15548
15549
15725
15726
15727
15728
15729
15930
15931
15932
15933
15934
15940
15941
15942
15943
15944
15950
15951
15952
15953
15954
15955
15956
15957
15958
15959
16060
16061
16062
16063
16064
16260
16261
16262
16263
16264
16275
16276
16277
16278
16279
16300
16301
16302
16303
16304
16305
16306
16307
16308
16309
16350
16351
16352
16353
16354
16355
16356
16357
16358
16359
16360
16361
16362
16363
16364
16365
16366
16367
16368
16369
16370
16371
16372
16373
16374
16375
16376
16377
16378
16379
16380
16381
16382
16383
16384
16385
16386
16387
16388
16389
16390
16391
16392
16393
16394
16405
16406
16407
16408
16409
16460
16461
16462
16463
16464
16915
16916
16917
16918
16919
16940
16941
16942
16943
16944
17035
17036
17037
17038
17039
17040
17041
17042
17043
17044
17165
17166
17167
17168
17169
17245
17246
17247
17248
17249
17290
17291
17292
17293
17294
17445
17446
17447
17448
17449
17450
17451
17452
17453
17454
17455
17456
17457
17458
17459
17460
17461
17462
17463
17464
17465
17466
17467
17468
17469
17470
17471
17472
17473
17474
17475
17476
17477
17478
17479
17490
17491
17492
17493
17494
17735
17736
17737
17738
17739
17750
17751
17752
17753
17754
17815
17816
17817
17818
17819
17870
17871
17872
17873
17874
17905
17906
17907
17908
17909
17910
17911
17912
17913
17914
17925
17926
17927
17928
17929
18305
18306
18307
18308
18309
18400
18401
18402
18403
18404
18540
18543
18544
18790
18791
18792
18793
18794
19010
19011
19012
19013
19014
19030
19031
19032
19033
19034
19090
19091
19092
19093
19094
19145
19146
19147
19148
19149
19150
19151
19152
19153
19154
19155
19157
19158
19159
19370
19371
19372
19373
19374
19685
19686
19687
19688
19689
19715
19716
19717
19718
19719
19735
19736
19737
19738
19739
19745
19746
19747
19748
19749
19750
19751
19753
19754
19765
19766
19767
19768
19769
19875
19876
19877
19878
19879
19885
19886
19887
19888
19889
19901
19902
19903
19904
20460
20461
20462
20463
20464
20600
20601
20602
20603
20604
20605
20606
20607
20608
20609
20650
20651
20652
20653
20654
20655
20656
20657
20658
20659
20795
20796
20797
20798
20799
20815
20816
20817
20818
20819
20820
20821
20822
20823
20824
20826
20827
20828
20829
20835
20836
20837
20838
20839
20840
20841
20842
20843
20844
20855
20856
20857
20858
20859
20860
20861
20862
20863
20864
20870
20871
20872
20873
20874
20875
20877
20878
20879
20885
20886
20887
20888
20889
20890
20891
20892
20893
20894
20895
20896
20897
20898
20899
20900
20901
20902
20903
20904
20905
20906
20907
20908
20909
21035
21036
21037
21038
21039
21045
21046
21047
21048
21049
21050
21051
21052
21053
21054
21055
21056
21057
21058
21059
21065
21066
21067
21068
21069
21070
21071
21072
21073
21074
21075
21076
21077
21078
21079
21080
21081
21082
21083
21084
21085
21086
21087
21088
21089
21095
21096
21097
21098
21099
21190
21191
21192
21193
21194
21195
21196
21197
21198
21199
21200
21201
21202
21203
21204
21205
21206
21207
21208
21209
21210
21211
21212
21213
21214
21215
21216
21217
21218
21219
21220
21221
21222
21223
21224
21225
21226
21227
21228
21229
21230
21231
21232
21233
21234
21235
21236
21237
21238
21239
21375
21376
21377
21378
21379
21400
21401
21402
21403
21404
21440
21441
21442
21443
21444
21450
21451
21452
21453
21454
21515
21516
21517
21518
21519
21520
21521
21522
21523
21524
21600
21601
21602
21603
21604
21655
21656
21657
21658
21659
21665
21666
21667
21668
21669
21705
21706
21707
21708
21709
21715
21716
21717
21718
21719
21720
21721
21722
21723
21724
21960
21961
21962
21963
21964
21980
21981
21982
21983
21984
22095
22096
22097
22098
22099
22175
22176
22177
22178
22179
22320
22321
22322
22323
22324
22325
22326
22327
22328
22329
22330
22332
22333
22334
22335
22336
22337
22338
22339
22340
22341
22342
22343
22344
22345
22346
22347
22348
22349
22435
22436
22437
22438
22439
22525
22526
22527
22528
22529
22530
22531
22532
22533
22534
22535
22536
22537
22538
22539
22540
22541
22542
22543
22544
22545
22546
22547
22548
22549
22550
22551
22552
22553
22554
22555
22556
22557
22558
22559
22760
22761
22762
22763
22764
22765
22766
22767
22768
22769
22770
22771
22772
22773
22774
22790
22791
22792
22793
22794
22795
22796
22797
22798
22799
22940
22941
22942
22943
22944
22945
22946
22947
22948
22949
23005
23006
23007
23008
23009
23050
23051
23052
23053
23054
23055
23056
23057
23058
23059
23060
23061
23062
23063
23064
23070
23071
23072
23073
23074
23075
23076
23077
23078
23079
23080
23081
23082
23083
23084
23145
23146
23147
23148
23149
23150
23151
23152
23153
23154
23160
23161
23162
23163
23164
23180
23181
23182
23183
23184
23200
23201
23202
23203
23204
23215
23216
23217
23218
23219
23225
23226
23227
23228
23229
23255
23256
23257
23258
23259
23260
23261
23262
23263
23264
23265
23266
23267
23268
23269
23270
23271
23272
23273
23274
23275
23276
23277
23278
23279
23280
23281
23282
23283
23284
23415
23416
23417
23418
23419
23510
23511
23512
23513
23514
23605
23606
23607
23608
23609
23610
23611
23612
23613
23614
23675
23676
23677
23678
23679
23770
23771
23772
23773
23774
23775
23776
23777
23778
23779
23780
23781
23782
23783
23784
23785
23786
23787
23788
23789
23790
23791
23792
23793
23794
23800
23801
23802
23803
23804
23805
23806
23807
23808
23809
23860
23861
23862
23863
23864
23905
23906
23907
23908
23909
23910
23911
23912
23913
23914
23915
23916
23917
23918
23919
23920
23921
23922
23923
23924
23925
23926
23927
23928
23929
23970
23971
23972
23973
23974
24020
24021
24022
24023
24024
24030
24031
24032
24033
24034
24070
24071
24072
24073
24074
24160
24161
24162
24163
24164
24250
24251
24252
24253
24254
24275
24276
24277
24278
24279
24280
24281
24282
24283
24284
24285
24286
24287
24288
24289
24290
24291
24292
24293
24294
24300
24301
24302
24303
24304
24305
24306
24307
24308
24309
24475
24476
24477
24478
24479
24480
24481
24482
24483
24484
24490
24491
24492
24493
24494
24511
24512
24513
24514
24515
24517
24518
24519
24520
24521
24522
24523
24524
24815
24816
24817
24818
24819
24825
24826
24827
24828
24829
24960
24961
24962
24963
24964
25030
25031
25032
25033
25034
25285
25286
25287
25288
25289
25290
25291
25292
25293
25294
25305
25306
25307
25308
25309
25320
25321
25322
25323
25324
25325
25326
25327
25328
25329
25365
25366
25367
25368
25369
25385
25386
25387
25388
25389
25455
25456
25457
25458
25459
25535
25536
25537
25538
25539
25745
25746
25747
25748
25749
25755
25756
25757
25758
25759
25765
25766
25767
25768
25769
26090
26091
26092
26093
26094
26100
26101
26102
26103
26104
26105
26106
26107
26108
26109
26110
26111
26112
26113
26114
26115
26116
26117
26118
26119
26125
26126
26127
26128
26129
26130
26131
26132
26133
26134
26190
26191
26192
26193
26194
26235
26236
26237
26238
26239
26290
26291
26292
26293
26294
26425
26426
26427
26428
26429
26430
26431
26432
26433
26434
26435
26436
26437
26438
26439
26440
26441
26442
26443
26444
26455
26456
26457
26458
26459
26675
26676
26677
26678
26679
26680
26681
26682
26683
26684
26850
26851
26852
26853
26854
26985
26986
26987
26988
26989
26990
26991
26992
26993
26994
26995
26996
26997
26998
26999
27000
27001
27002
27003
27004
27005
27006
27007
27008
27009
27010
27011
27012
27013
27014
27015
27016
27017
27018
27019
27020
27021
27022
27023
27024
27125
27126
27127
27128
27129
27135
27136
27137
27138
27139
27145
27146
27147
27148
27149
27270
27271
27272
27273
27274
27360
27361
27362
27363
27364
27370
27371
27372
27373
27374
27495
27496
27497
27498
27499
27505
27506
27507
27508
27509
27510
27511
27512
27513
27514
27545
27546
27547
27548
27549
27550
27551
27552
27553
27554
27770
27771
27772
27773
27774
27775
27776
27777
27778
27779
27780
27781
27782
27783
27784
27785
27786
27787
27788
27789
27790
27791
27792
27793
27794
27795
27796
27797
27798
27799
27800
27801
27802
27803
27804
27805
27806
27807
27808
27809
27810
27811
27812
27813
27814
27815
27816
27817
27818
27819
27820
27821
27822
27823
27824
27825
27826
27827
27828
27829
27830
27831
27832
27833
27834
27835
27836
27837
27838
27839
27900
27901
27903
27904
27905
27906
27907
27908
27909
27910
27911
27912
27913
27914
27915
27916
27917
27918
27919
27920
27921
27922
27923
27924
27925
27926
27927
27928
27929
27930
27931
27932
27933
27934
27935
27936
27937
27938
27939
28010
28011
28012
28013
28014
28015
28016
28017
28018
28019
28025
28026
28027
28028
28029
28035
28036
28037
28038
28039
28085
28086
28087
28088
28089
28090
28091
28092
28093
28094
28100
28101
28102
28103
28104
28105
28106
28107
28108
28109
28110
28111
28112
28113
28114
28115
28116
28117
28118
28119
28120
28121
28122
28123
28124
28125
28126
28127
28128
28129
28130
28131
28132
28133
28134
28135
28136
28137
28138
28139
28140
28141
28142
28143
28144
28145
28146
28147
28148
28149
28220
28221
28222
28223
28224
28225
28226
28227
28228
28229
28480
28481
28482
28483
28484
29035
29036
29037
29038
29039
29205
29206
29207
29208
29209
29315
29316
29317
29318
29319
29340
29341
29342
29343
29344
29345
29346
29347
29348
29349
29380
29381
29382
29383
29384
29440
29441
29442
29443
29444
29450
29451
29452
29453
29454
29460
29461
29462
29463
29464
29470
29471
29472
29473
29474
29475
29476
29477
29478
29479
29485
29486
29487
29488
29489
29580
29581
29582
29583
29584
29595
29596
29597
29598
29599
29600
29601
29602
29603
29604
29605
29606
29607
29608
29609
29615
29616
29617
29618
29619
29620
29621
29622
29623
29624
29975
29976
29977
29978
29979
29985
29986
29987
29988
29989
30010
30011
30012
30013
30014
30025
30026
30027
30028
30029
30075
30076
30077
30078
30079
30080
30081
30082
30083
30084
30085
30086
30087
30088
30089
30090
30091
30092
30093
30094
30095
30096
30097
30098
30099
30105
30106
30107
30108
30109
30150
30151
30152
30153
30154
30155
30156
30157
30158
30159
30170
30171
30172
30173
30174
30535
30536
30537
30538
30539
30560
30561
30562
30563
30564
30580
30581
30582
30583
30584
31500
31501
31502
31503
31504
31565
31566
31567
31568
31569
31630
31631
31632
31633
31634
31635
31636
31637
31638
31639
31640
31641
31642
31643
31644
31645
31646
31647
31648
31649
31650
31651
31652
31653
31654
31655
31656
31657
31658
31659
31660
31661
31662
31663
31664
31670
31671
31672
31673
31674
31685
31686
31687
31688
31689
31690
31691
31692
31693
31694
31885
31886
31887
31888
31889
31890
31891
31892
31893
31894
31895
31896
31897
31898
31899
31905
31906
31907
31908
31909
31910
31911
31912
31913
31914
31915
31916
31917
31918
31919
31920
31921
31922
31923
31924
31925
31926
31927
31928
31929
32170
32171
32172
32173
32174
32235
32236
32237
32238
32239
32245
32246
32247
32248
32249
32250
32251
32252
32253
32254
32260
32261
32262
32263
32264
32265
32266
32267
32268
32269
32335
32336
32337
32338
32339
32440
32441
32442
32443
32444
32450
32451
32453
32454
32620
32621
32622
32623
32624
32625
32626
32627
32628
32629
32690
32691
32692
32693
32694
32700
32701
32702
32703
32704
32780
32781
32782
32783
32784
32790
32791
32792
32793
32794
32835
32836
32837
32838
32839
32840
32841
32842
32843
32844
32845
32846
32847
32848
32849
32850
32851
32852
32853
32854
32855
32856
32857
32858
32859
32860
32861
32862
32863
32864
32875
32876
32877
32878
32879
32880
32881
32882
32883
32884
32920
32921
32922
32923
32924
32940
32941
32942
32943
32944
32945
32946
32947
32948
32949
33005
33006
33007
33008
33009
33010
33011
33012
33013
33014
33110
33111
33112
33113
33114
33230
33231
33232
33233
33234
33240
33241
33242
33243
33244
33245
33246
33247
33248
33249
33255
33256
33257
33258
33259
33280
33281
33282
33283
33284
33285
33286
33287
33288
33289
33525
33526
33527
33528
33529
33530
33531
33532
33533
33534
33900
33901
33902
33903
33904
33940
33941
33942
33943
33944
34060
34061
34062
34063
34064
34070
34071
34072
34073
34074
34105
34106
34107
34108
34109
34250
34251
34252
34253
34254
34290
34291
34292
34293
34294
34400
34401
34402
34403
34404
34405
34406
34407
34409
34410
34411
34412
34413
34414
34415
34416
34417
34418
34419
34420
34421
34422
34423
34424
34480
34481
34482
34483
34484
34485
34486
34487
34488
34489
34660
34661
34662
34663
34664
34710
34711
34712
34713
34714
34920
34921
34922
34923
34924
34945
34946
34947
34948
34949
34975
34976
34977
34978
34979
35010
35011
35012
35013
35014
35015
35016
35017
35018
35019
35020
35021
35022
35023
35024
35025
35026
35027
35028
35029
35030
35031
35032
35033
35034
35110
35111
35112
35113
35114
35120
35121
35122
35123
35124
35125
35126
35127
35128
35129
35135
35136
35137
35138
35139
35150
35151
35152
35153
35154
35161
35162
35163
35164
35185
35186
35187
35188
35189
35190
35191
35192
35193
35194
35195
35196
35197
35198
35199
35200
35201
35202
35203
35204
35205
35206
35207
35208
35209
35210
35211
35212
35213
35214
35215
35216
35217
35218
35219
35240
35241
35242
35243
35244
35250
35251
35252
35253
35254
35285
35286
35287
35288
35289
35515
35516
35517
35518
35519
35520
35521
35522
35523
35524
35525
35526
35527
35528
35529
35530
35531
35532
35533
35534
35535
35536
35537
35538
35540
35541
35542
35543
35544
35675
35676
35677
35678
35679
35680
35681
35682
35683
35684
35685
35686
35687
35688
35689
35760
35761
35762
35763
35764
35765
35766
35767
35768
35769
35880
35881
35882
35883
35884
36045
36046
36047
36048
36049
36055
36056
36057
36058
36059
36060
36061
36062
36063
36064
36070
36071
36072
36073
36074
36255
36256
36257
36258
36259
36305
36306
36307
36308
36309
36630
36631
36632
36633
36634
36725
36726
36727
36728
36729
36735
36736
36737
36738
36739
36750
36751
36752
36753
36754
36915
36916
36917
36918
36919
36990
36991
36992
36993
36994
37020
37021
37022
37023
37024
37435
37436
37437
37438
37439
37730
37731
37732
37733
37734
37740
37741
37742
37743
37744
37760
37761
37762
37763
37764
37940
37941
37942
37943
37944
37960
37961
37962
37963
37964
37985
37986
37987
37988
37989
37990
37991
37992
37993
37994
38000
38001
38002
38003
38004
38005
38006
38007
38008
38009
38010
38011
38012
38013
38014
38015
38016
38017
38018
38019
38075
38076
38077
38078
38079
38080
38081
38082
38083
38084
38110
38111
38112
38113
38114
38125
38126
38127
38128
38129
38260
38261
38262
38263
38264
38290
38291
38292
38293
38294
38295
38296
38297
38298
38299
38305
38306
38307
38308
38309
38310
38311
38312
38313
38314
38315
38316
38317
38318
38319
38320
38321
38322
38323
38324
38325
38326
38327
38328
38329
38330
38331
38332
38333
38334
38355
38356
38357
38358
38359
38450
38451
38452
38453
38454
38455
38456
38457
38458
38459
38465
38466
38467
38468
38469
38470
38471
38472
38473
38474
38480
38481
38482
38483
38484
38485
38486
38487
38488
38489
38490
38491
38492
38493
38494
38495
38496
38497
38498
38499
38500
38501
38502
38503
38504
38575
38576
38577
38578
38579
38590
38591
38592
38593
38594
38700
38701
38702
38703
38704
38720
38721
38722
38723
38724
38725
38726
38727
38728
38729
38730
38731
38732
38733
38734
38735
38736
38737
38738
38739
38740
38741
38742
38743
38744
38745
38746
38747
38748
38749
38750
38751
38752
38753
38754
38755
38756
38757
38758
38759
39070
39071
39072
39073
39074
39160
39161
39162
39163
39164
39190
39191
39192
39193
39194
39195
39196
39197
39198
39199
39405
39406
39407
39408
39409
39545
39546
39547
39548
39549
39555
39556
39557
39558
39559
39560
39561
39562
39563
39564
39565
39566
39567
39568
39569
39570
39571
39572
39573
39574
39575
39576
39577
39578
39579
39580
39581
39582
39583
39584
39585
39586
39587
39588
39589
39590
39591
39592
39593
39594
39600
39601
39602
39603
39604
39630
39631
39632
39633
39634
39635
39636
39637
39638
39639
39695
39696
39697
39698
39699
39700
39701
39702
39703
39704
39770
39771
39772
39773
39774
39775
39776
39777
39778
39779
39780
39781
39782
39783
39784
39800
39801
39802
39803
39804
39815
39816
39817
39818
39819
39845
39846
39847
39848
39849
39855
39856
39857
39858
39859
39860
39861
39862
39863
39864
39870
39871
39872
39873
39874
39875
39876
39877
39878
39879
39955
39956
39957
39958
39959
39965
39966
39967
39968
39969
39970
39971
39972
39973
39974
39975
39976
39977
39978
39979
39985
39986
39987
39988
39989
39990
39991
39992
39993
39994
40110
40111
40112
40113
40114
40120
40121
40122
40123
40124
40125
40126
40127
40128
40129
40130
40131
40132
40133
40134
40135
40136
40137
40138
40139
40140
40141
40142
40143
40144
40145
40146
40147
40148
40149
40410
40411
40412
40413
40414
40425
40426
40427
40428
40429
40460
40461
40462
40463
40464
40475
40476
40477
40478
40479
40805
40806
40807
40808
40809
41011
41012
41013
41014
41060
41061
41062
41063
41064
41080
41081
41082
41083
41084
41155
41156
41157
41158
41159
41455
41456
41457
41458
41459
41460
41461
41462
41463
41464
41490
41491
41492
41493
41494
41685
41686
41687
41688
41689
41865
41866
41867
41868
41869
42075
42076
42077
42078
42079
42125
42126
42127
42128
42129
42135
42136
42137
42138
42139
42625
42626
42627
42628
42629
42665
42666
42667
42668
42669
42670
42671
42672
42673
42674
42675
42676
42677
42678
42679
42680
42681
42682
42683
42684
42685
42686
42687
42688
42689
42690
42691
42692
42693
42694
42695
42696
42697
42698
42699
42790
42791
42792
42793
42794
42835
42836
42837
42838
42839
42875
42876
42877
42878
42879
42890
42891
42892
42893
42894
42930
42931
42932
42933
42934
42945
42946
42947
42948
42949
42975
42976
42977
42978
42979
43040
43041
43042
43043
43044
43050
43051
43052
43053
43054
43055
43056
43058
43059
43080
43081
43082
43083
43084
43180
43181
43182
43183
43184
43190
43191
43192
43193
43194
43520
43521
43522
43523
43524
43525
43526
43527
43528
43529
43530
43531
43532
43533
43534
43535
43536
43537
43538
43539
43560
43561
43562
43563
43564
43680
43682
43683
43684
43700
43701
43702
43703
43704
43705
43706
43707
43708
43709
43710
43711
43712
43713
43714
43715
43716
43717
43718
43719
43720
43721
43722
43723
43724
44255
44256
44257
44258
44259
44260
44261
44262
44263
44264
44265
44266
44267
44268
44269
44270
44271
44272
44273
44274
44275
44276
44277
44278
44279
44280
44281
44282
44283
44284
44285
44286
44287
44288
44289
44290
44291
44292
44293
44294
44345
44346
44347
44348
44349
44365
44366
44367
44368
44369
44500
44501
44502
44503
44504
44505
44506
44507
44508
44509
44510
44511
44512
44513
44514
44515
44516
44517
44518
44519
44530
44531
44532
44533
44534
45090
45091
45092
45093
45094
45160
45161
45162
45163
45164
45165
45166
45167
45168
45169
45170
45171
45172
45173
45174
45180
45181
45182
45183
45184
45185
45186
45187
45188
45189
45190
45191
45192
45193
45194
45195
45196
45197
45198
45199
45200
45201
45202
45203
45204
45205
45206
45207
45208
45209
45340
45341
45342
45343
45344
45345
45346
45347
45348
45349
45445
45446
45447
45448
45449
45810
45811
45812
45813
45814
45830
45831
45832
45833
45834
45840
45841
45842
45843
45844
45870
45871
45872
45873
45874
45875
45876
45877
45878
45879
45885
45886
45887
45888
45889
45890
45891
45892
45893
45894
45895
45896
45897
45898
45899
45900
45901
45902
45903
45904
45915
45916
45917
45918
45919
45950
45951
45952
45953
45954
45965
45966
45967
45968
45969
46150
46151
46152
46153
46154
46160
46161
46162
46163
46164
46165
46166
46167
46168
46169
46170
46171
46172
46173
46174
46175
46176
46177
46178
46179
46180
46181
46182
46183
46184
46195
46196
46197
46198
46199
46200
46201
46202
46203
46204
46775
46776
46777
46778
46779
46830
46831
46832
46833
46834
46850
46851
46852
46853
46854
46855
46856
46857
46858
46859
46860
46861
46862
46863
46864
46870
46871
46872
46873
46874
46905
46906
46907
46908
46909
46995
46996
46997
46998
46999
47000
47001
47002
47003
47004
47105
47106
47107
47108
47109
47110
47111
47112
47113
47114
47255
47256
47257
47258
47259
47305
47306
47307
47308
47309
47310
47311
47312
47313
47314
47335
47336
47337
47338
47339
47435
47436
47437
47438
47439
47445
47446
47447
47448
47449
47450
47451
47452
47453
47454
47455
47456
47457
47458
47459
47460
47461
47462
47463
47464
47465
47466
47467
47468
47469
47470
47471
47472
47473
47474
47475
47476
47478
47479
47640
47641
47642
47643
47644
47805
47806
47807
47808
47809
47810
47811
47812
47813
47814
47815
47816
47817
47818
47819
47820
47821
47822
47823
47824
47825
47826
47827
47828
47829
47830
47831
47832
47833
47834
47835
47836
47837
47838
47839
47840
47841
47842
47843
47844
47845
47846
47847
47848
47849
47850
47851
47852
47853
47854
47855
47856
47857
47858
47859
47875
47876
47877
47878
47879
47885
47886
47887
47888
47889
47895
47896
47897
47898
47899
47900
47901
47902
47903
47904
47905
47906
47907
47908
47909
47910
47911
47912
47913
47914
47915
47916
47917
47918
47919
47920
47921
47922
47923
47924
47925
47926
47927
47928
47929
47935
47936
47937
47938
47939
47940
47941
47942
47943
47944
47945
47946
47947
47948
47949
47960
47961
47962
47963
47964
48040
48041
48042
48043
48044
48125
48126
48127
48128
48129
48135
48136
48137
48138
48139
48140
48141
48142
48143
48144
48145
48146
48147
48148
48149
48270
48271
48272
48273
48274
48295
48296
48297
48298
48299
48300
48301
48302
48303
48304
48310
48311
48312
48313
48314
48315
48316
48317
48318
48319
48320
48321
48322
48323
48324
48705
48706
48707
48708
48709
49030
49031
49032
49033
49034
49035
49036
49037
49038
49039
49125
49126
49127
49128
49129
49130
49131
49132
49133
49134
49135
49136
49137
49138
49139
49140
49141
49142
49143
49144
49145
49146
49147
49148
49149
49235
49236
49237
49238
49239
49250
49251
49252
49253
49254
49255
49256
49257
49258
49259
49265
49266
49267
49268
49269
49280
49281
49282
49283
49284
49385
49386
49387
49388
49389
49475
49476
49477
49478
49479
49675
49676
49677
49678
49679
49810
49811
49812
49813
49814
49815
49816
49817
49818
49819
49885
49886
49887
49888
49889
49935
49936
49937
49938
49939
49940
49941
49942
49943
49944
49945
49946
49947
49948
49949
49950
49951
49952
49953
49954
50045
50046
50047
50048
50049
50090
50091
50092
50093
50094
50190
50191
50192
50193
50194
50220
50221
50222
50223
50224
50225
50226
50227
50228
50229
50230
50232
50233
50234
50235
50236
50237
50238
50239
50240
50241
50242
50243
50244
50280
50281
50282
50283
50284
50415
50416
50417
50418
50419
50420
50421
50422
50423
50424
50430
50431
50432
50433
50434
50440
50441
50442
50443
50444
50450
50451
50452
50453
50454
50455
50456
50457
50458
50459
50515
50516
50517
50518
50519
50525
50526
50527
50528
50529
50530
50531
50532
50533
50534
50535
50536
50537
50538
50539
50790
50791
50792
50793
50794
50795
50796
50797
50798
50799
50800
50801
50802
50803
50804
50805
50806
50807
50808
50809
50810
50811
50812
50813
50814
50815
50816
50817
50818
50819
50820
50821
50822
50823
50824
50825
50826
50827
50828
50829
50870
50871
50872
50873
50874
50875
50876
50877
50878
50879
50880
50881
50882
50883
50884
50885
50886
50887
50888
50889
50890
50891
50892
50893
50894
50895
50896
50897
50898
50899
50900
50901
50902
50903
50904
50905
50906
50907
50908
50909
50920
50921
50922
50923
50924
51000
51001
51002
51003
51004
51015
51016
51017
51018
51019
51025
51026
51027
51028
51029
51030
51031
51032
51033
51034
51035
51036
51037
51038
51039
51040
51041
51042
51043
51044
51045
51046
51047
51048
51049
51050
51051
51052
51053
51054
51055
51056
51057
51058
51059
51060
51061
51062
51063
51064
51070
51071
51072
51073
51074
51210
51211
51212
51213
51214
51350
51351
51352
51353
51354
51375
51376
51377
51378
51379
51400
51401
51402
51403
51404
51465
51466
51467
51468
51469
51475
51476
51477
51478
51479
51480
51481
51482
51483
51484
51865
51866
51867
51868
51869
51880
51881
51882
51883
51884
52100
52101
52102
52103
52104
52130
52131
52132
52133
52134
52410
52411
52412
52413
52414
52445
52446
52447
52448
52449
52455
52456
52457
52458
52459
52505
52506
52507
52508
52509
52520
52521
52522
52523
52524
52610
52611
52612
52613
52614
52615
52616
52617
52618
52619
52635
52636
52637
52638
52639
52670
52671
52672
52673
52674
52675
52676
52677
52678
52679
52805
52806
52807
52808
52809
52815
52816
52817
52818
52819
52820
52821
52822
52823
52824
52825
52826
52827
52828
52829
52835
52836
52837
52838
52839
53015
53016
53017
53018
53019
53065
53066
53067
53068
53069
53155
53156
53157
53158
53159
53160
53161
53162
53163
53164
53165
53166
53167
53168
53169
53245
53246
53247
53248
53249
53310
53311
53313
53314
53315
53316
53317
53318
53319
53350
53351
53352
53353
53354
53390
53391
53392
53393
53394
53440
53441
53442
53443
53444
53450
53451
53452
53453
53454
53460
53461
53462
53463
53464
53465
53466
53467
53468
53469
53470
53471
53472
53473
53474
53475
53477
53478
53479
53480
53481
53482
53483
53484
53485
53486
53487
53488
53489
53490
53491
53492
53493
53494
53495
53496
53498
53499
53545
53546
53547
53548
53549
53645
53646
53647
53648
53649
53655
53656
53657
53658
53659
53660
53661
53662
53663
53664
53700
53701
53702
53703
53704
53820
53821
53822
53823
53824
53910
53911
53912
53913
53914
53960
53961
53962
53963
53964
53970
53971
53972
53973
53974
54050
54051
54052
54053
54054
54065
54066
54067
54068
54069
54070
54071
54072
54073
54074
54085
54086
54087
54088
54089
54090
54091
54092
54093
54094
54100
54101
54102
54103
54104
54290
54291
54292
54293
54294
54405
54406
54407
54408
54409
54450
54451
54452
54453
54454
54485
54486
54487
54488
54489
54725
54726
54727
54728
54729
54730
54731
54732
54733
54734
54735
54736
54737
54738
54739
54740
54741
54742
54743
54744
54745
54746
54747
54748
54749
54750
54751
54752
54753
54754
54755
54756
54757
54758
54759
54760
54761
54762
54763
54764
54835
54836
54837
54838
54839
55140
55141
55142
55143
55144
55150
55151
55152
55153
55154
55155
55156
55157
55158
55159
55160
55161
55162
55163
55164
55165
55166
55167
55168
55169
55170
55171
55172
55173
55174
55175
55176
55177
55178
55179
55180
55181
55182
55183
55184
55185
55186
55187
55188
55189
55205
55206
55207
55208
55209
55210
55211
55212
55213
55214
55310
55311
55312
55313
55314
55570
55571
55572
55573
55574
55740
55741
55742
55743
55744
55850
55851
55852
55853
55854
55960
55961
55962
55963
55964
56215
56216
56217
56218
56219
56245
56246
56247
56248
56249
56265
56266
56267
56268
56269
56280
56281
56282
56283
56284
56285
56286
56287
56288
56289
56290
56291
56292
56293
56294
56295
56296
56297
56298
56299
56300
56301
56302
56303
56304
56305
56306
56307
56308
56309
56315
56316
56317
56318
56319
56320
56321
56322
56323
56324
56470
56471
56472
56473
56474
56485
56486
56487
56488
56489
56490
56491
56492
56493
56494
56550
56551
56552
56553
56554
56555
56556
56557
56558
56559
56585
56586
56587
56588
56589
56595
56596
56597
56598
56599
56620
56621
56622
56623
56624
56625
56626
56627
56628
56629
56945
56946
56947
56948
56949
57055
57056
57057
57058
57059
57060
57061
57062
57063
57064
57125
57126
57127
57128
57129
57130
57131
57132
57133
57134
57140
57141
57142
57143
57144
57150
57151
57152
57153
57154
57175
57176
57177
57178
57179
57660
57661
57662
57663
57664
57755
57756
57757
57758
57759
57945
57946
57947
57948
57949
58040
58041
58042
58043
58044
58065
58066
58067
58068
58069
58080
58081
58082
58083
58084
58085
58086
58087
58088
58089
58090
58091
58092
58093
58094
58095
58096
58097
58098
58099
58110
58111
58112
58113
58114
58335
58336
58337
58338
58339
58340
58341
58342
58343
58344
58420
58421
58422
58423
58424
58480
58481
58482
58483
58484
58735
58736
58737
58738
58739
58805
58806
58807
58808
58809
58890
58891
58892
58893
58894
58925
58927
58928
58929
58935
58936
58937
58938
58939
58940
58941
58942
58943
58944
58950
58951
58952
58953
58954
58960
58961
58962
58963
58964
59005
59006
59007
59008
59009
59080
59081
59082
59083
59084
59140
59141
59142
59143
59144
59145
59146
59147
59148
59149
59150
59151
59152
59153
59154
59155
59156
59157
59158
59159
59160
59161
59162
59163
59164
59165
59166
59167
59168
59169
59170
59171
59172
59173
59174
59335
59336
59337
59338
59339
59385
59386
59387
59388
59389
59410
59411
59412
59413
59414
59455
59456
59457
59458
59459
60225
60226
60227
60228
60229
60250
60251
60252
60253
60254
60290
60291
60292
60293
60294
60340
60341
60342
60343
60344
60510
60511
60512
60513
60514
60740
60741
60742
60743
60744
60745
60746
60747
60748
60749
60750
60751
60752
60753
60754
60755
60756
60757
60758
60759
60765
60766
60767
60768
60769
60770
60771
60772
60773
60774
60775
60776
60777
60778
60779
60790
60791
60792
60793
60794
60910
60911
60912
60913
60914
60915
60916
60917
60918
60919
61085
61086
61087
61088
61089
61095
61096
61097
61098
61099
61105
61106
61107
61108
61109
61610
61611
61612
61613
61614
61615
61616
61617
61618
61619
61620
61621
61622
61623
61624
61635
61636
61637
61638
61639
61640
61641
61642
61643
61644
61645
61646
61647
61648
61649
61955
61956
61957
61958
61959
62050
62051
62052
62053
62054
62200
62201
62202
62203
62204
62440
62441
62442
62443
62444
62445
62446
62447
62448
62449
62450
62451
62452
62453
62454
62455
62456
62457
62458
62459
62460
62461
62462
62463
62464
62465
62466
62467
62468
62469
62480
62481
62482
62483
62484
62510
62511
62512
62513
62514
62545
62546
62547
62548
62549
62550
62551
62552
62553
62554
62555
62556
62557
62558
62559
62560
62561
62562
62563
62564
62565
62566
62567
62568
62569
62570
62571
62572
62573
62574
62575
62576
62577
62578
62579
62585
62586
62587
62588
62589
63165
63166
63167
63168
63169
63365
63366
63367
63368
63369
63525
63526
63527
63528
63529
63735
63736
63737
63738
63739
63970
63971
63972
63973
63974
63975
63976
63977
63978
63979
63980
63981
63982
63983
63984
63985
63986
63987
63988
63989
63990
63991
63992
63993
63994
64000
64001
64002
64003
64004
64005
64006
64007
64008
64009
64145
64146
64147
64148
64149
64200
64201
64202
64203
64204
64205
64206
64207
64208
64209
64330
64331
64332
64333
64334
64335
64336
64337
64338
64339
64340
64341
64342
64343
64344
64345
64346
64347
64348
64349
64350
64351
64352
64353
64354
64355
64356
64357
64358
64359
64525
64526
64527
64528
64529
64605
64606
64607
64608
64609
64610
64611
64612
64613
64614
64615
64616
64617
64618
64619
64620
64621
64622
64623
64624
64625
64626
64627
64628
64629
64640
64641
64642
64643
64644
64645
64646
64647
64648
64649
64660
64661
64662
64663
64664
64670
64671
64672
64673
64674
64675
64676
64677
64678
64679
64680
64681
64682
64683
64684
64685
64686
64687
64688
64689
64690
64691
64692
64693
64694
64695
64696
64697
64698
64699
65070
65071
65072
65073
65074
65145
65146
65147
65148
65149
65175
65176
65177
65178
65179
65180
65181
65182
65183
65184
65185
65186
65187
65188
65189
65190
65191
65192
65193
65194
65195
65196
65197
65198
65199
65200
65201
65202
65203
65204
65205
65206
65207
65208
65209
65210
65211
65212
65213
65214
65385
65386
65387
65388
65389
65390
65391
65392
65393
65394
65395
65396
65397
65398
65399
65400
65401
65402
65403
65404
65405
65406
65407
65408
65409
65470
65471
65472
65473
65474
65480
65481
65482
65483
65484
65485
65486
65487
65488
65489
65495
65496
65497
65498
65499
65500
65501
65502
65503
65504
65550
65551
65552
65553
65554
65555
65556
65557
65558
65559
65560
65561
65562
65563
65564
65570
65571
65572
65573
65574
65575
65576
65577
65578
65579
65580
65581
65582
65583
65584
65610
65611
65612
65613
65614
65660
65661
65662
65663
65664
65670
65671
65672
65673
65674
65675
65676
65677
65678
65679
65745
65746
65747
65748
65749
65795
65796
65797
65798
65799
65800
65801
65802
65803
65804
65805
65806
65807
65808
65809
65810
65811
65812
65813
65814
65815
65816
65817
65818
65819
65820
65821
65822
65823
65824
65825
65826
65827
65828
65829
66250
66251
66252
66253
66254
66265
66266
66267
66268
66269
66355
66356
66357
66358
66359
66745
66746
66747
66748
66749
66760
66761
66762
66763
66764
66785
66786
66787
66788
66789
66835
66836
66837
66838
66839
66915
66916
66917
66918
66919
66920
66921
66922
66923
66924
66935
66936
66937
66938
66939
66940
66941
66942
66943
66944
66965
66966
66967
66968
66969
66970
66971
66972
66973
66974
66975
66976
66977
66978
66979
67220
67221
67222
67223
67224
67300
67301
67302
67303
67304
67305
67306
67307
67308
67309
67310
67311
67312
67313
67314
67315
67316
67317
67318
67319
67320
67321
67322
67323
67324
67325
67326
67327
67328
67329
67330
67331
67332
67333
67334
67335
67336
67337
67338
67339
67360
67361
67362
67363
67364
67655
67656
67657
67658
67659
67660
67661
67662
67663
67664
67665
67666
67667
67668
67669
67670
67671
67672
67673
67674
67675
67676
67677
67678
67679
67680
67681
67682
67683
67684
67690
67691
67692
67693
67694
67785
67786
67787
67788
67789
67790
67791
67792
67793
67794
67800
67801
67802
67803
67804
67805
67806
67807
67808
67809
67810
67811
67812
67813
67814
67820
67821
67822
67823
67824
68075
68076
68077
68078
68079
68080
68081
68082
68083
68084
68090
68091
68092
68093
68094
68100
68101
68102
68103
68104
68105
68106
68107
68108
68109
68115
68116
68117
68118
68119
68120
68121
68122
68123
68124
68210
68211
68212
68213
68214
68220
68221
68222
68223
68224
68280
68281
68282
68283
68284
68290
68291
68292
68293
68294
68355
68356
68357
68358
68359
68430
68431
68432
68433
68434
68485
68486
68487
68488
68489
68490
68491
68492
68493
68494
68515
68516
68517
68518
68519
68595
68596
68597
68598
68599
68665
68666
68667
68668
68669
68675
68676
68677
68678
68679
68695
68696
68697
68698
68699
68745
68746
68747
68748
68749
68760
68761
68762
68763
68764
68770
68771
68772
68773
68774
68775
68776
68777
68778
68779
68785
68786
68787
68788
68789
68790
68791
68792
68793
68794
68795
68796
68797
68798
68799
69015
69016
69017
69018
69019
69050
69051
69052
69053
69054
69060
69061
69062
69063
69064
69070
69071
69072
69073
69074
69075
69076
69077
69078
69079
69110
69111
69112
69113
69114
69135
69136
69137
69138
69139
69295
69296
69297
69298
69299
69300
69301
69302
69303
69304
69305
69306
69307
69308
69309
69310
69311
69312
69313
69314
69315
69316
69317
69318
69319
69320
69321
69322
69323
69324
69325
69326
69327
69328
69329
69330
69331
69332
69333
69334
69345
69346
69347
69348
69349
69350
69351
69352
69353
69354
69425
69426
69427
69428
69429
69435
69436
69438
69439
69440
69441
69442
69443
69444
69445
69446
69447
69448
69449
69450
69451
69452
69453
69454
69470
69471
69472
69473
69474
69715
69716
69717
69718
69719
69720
69721
69722
69723
69724
69740
69741
69742
69743
69744
69800
69801
69802
69803
69804
69880
69881
69882
69883
69884
69885
69886
69887
69888
69889
69905
69906
69907
69908
69909
69930
69931
69932
69933
69934
70640
70641
70642
70643
70644
70650
70651
70652
70653
70654
70700
70701
70702
70703
70704
71365
71366
71367
71368
71369
71375
71376
71377
71378
71379
71381
71382
71383
71384
71390
71391
71392
71393
71394
71395
71396
71397
71398
71399
71405
71406
71407
71408
71409
71480
71481
71482
71483
71484
71485
71486
71487
71488
71489
71500
71501
71502
71503
71504
71510
71511
71512
71513
71514
71530
71531
71532
71533
71534
71755
71756
71757
71758
71759
71800
71801
71802
71803
71804
71805
71806
71807
71808
71809
71810
71811
71812
71813
71814
71815
71816
71817
71818
71819
71825
71826
71827
71828
71829
71830
71831
71832
71833
71834
72270
72271
72272
72273
72274
72280
72281
72282
72283
72284
72285
72286
72287
72288
72289
72300
72301
72302
72303
72304
72645
72646
72647
72648
72649
72665
72666
72667
72668
72669
73075
73076
73077
73078
73079
73200
73201
73202
73203
73204
73225
73226
73227
73228
73229
73335
73336
73337
73338
73339
73395
73396
73397
73398
73399
73415
73416
73417
73418
73419
73440
73441
73442
73443
73444
73550
73551
73552
73553
73554
73825
73826
73827
73828
73829
73850
73851
73852
73853
73854
73860
73861
73862
73863
73864
73865
73866
73867
73868
73869
73885
73886
73887
73888
73889
73925
73926
73927
73928
73929
73960
73961
73962
73963
73964
73965
73966
73967
73968
73969
73975
73976
73977
73978
73979
73980
73981
73982
73983
73984
73985
73986
73987
73988
73989
73990
73991
73992
73993
73994
74025
74026
74027
74028
74029
74030
74031
74032
74033
74034
74040
74041
74042
74043
74044
74055
74056
74057
74058
74059
74065
74066
74067
74068
74069
74070
74071
74072
74073
74074
74080
74081
74082
74083
74084
74095
74096
74097
74098
74099
74100
74101
74102
74103
74104
74105
74106
74107
74108
74109
74240
74241
74242
74243
74244
74420
74421
74422
74423
74424
74425
74426
74427
74428
74429
74430
74431
74432
74433
74434
74440
74441
74442
74443
74444
74445
74446
74447
74448
74449
74480
74481
74482
74483
74484
74485
74486
74487
74488
74489
74490
74491
74492
74493
74494
74495
74496
74497
74498
74499
74505
74506
74507
74508
74509
74510
74511
74512
74513
74514
74515
74516
74517
74518
74519
74520
74521
74522
74523
74524
74730
74731
74732
74733
74734
75000
75001
75002
75003
75004
75005
75006
75007
75008
75009
75140
75141
75142
75143
75144
75325
75326
75327
75328
75329
75355
75356
75357
75358
75359
75425
75426
75427
75428
75429
75435
75436
75437
75438
75439
75460
75461
75462
75463
75464
75860
75861
75862
75863
75864
76080
76081
76082
76083
76084
76250
76251
76252
76253
76254
76300
76301
76302
76303
76304
76360
76361
76362
76363
76364
76370
76371
76372
76373
76374
76375
76376
76377
76378
76379
76395
76396
76397
76398
76399
76415
76416
76417
76418
76419
76420
76421
76422
76423
76424
76425
76426
76427
76428
76429
76430
76431
76432
76433
76434
76435
76436
76437
76438
76439
76440
76441
76442
76443
76444
76490
76491
76492
76493
76494
76590
76591
76592
76593
76594
76600
76601
76602
76603
76604
76605
76606
76607
76608
76609
76615
76616
76617
76618
76619
76620
76621
76622
76623
76624
76680
76681
76682
76683
76684
76690
76691
76692
76693
76694
76695
76696
76697
76698
76699
76840
76841
76842
76843
76844
76865
76866
76867
76868
76869
76925
76926
76927
76928
76929
76930
76931
76932
76933
76934
76935
76936
76937
76938
76939
76940
76941
76942
76943
76944
76945
76946
76947
76948
76949
76950
76951
76952
76953
76954
76955
76956
76957
76958
76959
76960
76961
76962
76963
76964
76965
76966
76967
76968
76969
77010
77011
77012
77013
77014
77030
77031
77032
77033
77034
77040
77041
77042
77043
77044
77045
77046
77047
77048
77049
77055
77056
77057
77058
77059
77060
77061
77062
77063
77064
77065
77066
77067
77068
77069
77105
77106
77107
77108
77109
77110
77111
77112
77113
77114
77115
77116
77117
77118
77119
77530
77531
77532
77533
77534
77550
77551
77552
77553
77554
77555
77556
77557
77558
77559
77560
77561
77562
77563
77564
77565
77566
77567
77568
77569
77570
77571
77572
77573
77574
77575
77576
77577
77578
77579
77580
77581
77582
77583
77584
77585
77586
77587
77588
77589
77590
77591
77592
77593
77594
77615
77616
77617
77618
77619
77645
77646
77647
77648
77649
77700
77701
77702
77703
77704
77710
77711
77712
77713
77714
77805
77806
77807
77808
77809
77860
77861
77862
77863
77864
77920
77921
77922
77923
77924
77930
77931
77932
77933
77934
77940
77941
77942
77943
77944
77945
77946
77947
77948
77949
77950
77951
77952
77953
77954
77955
77956
77957
77958
77959
78005
78006
78007
78008
78009
78010
78011
78012
78013
78014
78030
78031
78032
78033
78034
78035
78036
78037
78038
78039
78040
78041
78042
78043
78044
78045
78046
78047
78048
78049
78050
78051
78052
78053
78054
78055
78056
78057
78058
78059
78060
78061
78062
78063
78064
78085
78086
78087
78088
78089
78215
78216
78217
78218
78219
78220
78221
78222
78223
78224
78685
78686
78687
78688
78689
78855
78856
78857
78858
78859
78895
78896
78897
78898
78899
79055
79056
79057
79058
79059
79270
79271
79272
79273
79274
79420
79421
79422
79423
79424
79460
79461
79462
79463
79464
79475
79476
79477
79478
79479
79550
79551
79552
79553
79554
79675
79676
79677
79678
79679
79790
79791
79792
79793
79794
79875
79876
79877
79878
79879
79960
79961
79962
79963
79964
80140
80141
80142
80143
80144
80145
80146
80147
80148
80149
80150
80151
80152
80153
80154
80155
80156
80157
80158
80159
80160
80161
80162
80163
80164
80165
80166
80167
80168
80169
80170
80171
80172
80173
80174
80175
80176
80177
80178
80179
80180
80181
80182
80183
80184
80465
80466
80467
80468
80469
80625
80626
80627
80628
80629
80630
80631
80632
80633
80634
80635
80636
80637
80638
80639
80640
80641
80642
80643
80644
80645
80646
80647
80648
80649
80650
80651
80652
80653
80654
80690
80691
80692
80693
80694
80695
80696
80697
80698
80699
80700
80701
80702
80703
80704
80705
80706
80707
80708
80709
80715
80716
80717
80718
80719
80720
80721
80722
80723
80724
80725
80726
80727
80728
80729
80805
80806
80807
80808
80809
80810
80811
80812
80813
80814
80965
80966
80967
80968
80969
81030
81031
81032
81033
81034
81035
81036
81037
81038
81039
81040
81041
81042
81043
81044
81045
81046
81047
81048
81049
81050
81051
81052
81053
81054
81460
81461
81462
81463
81464
81470
81471
81472
81473
81474
81490
81491
81492
81493
81494
81500
81501
81502
81503
81504
81540
81541
81542
81543
81544
81565
81566
81567
81568
81569
81575
81576
81577
81578
81579
81585
81586
81587
81588
81589
81590
81591
81592
81593
81594
81595
81596
81597
81598
81599
81740
81741
81742
81743
81744
81755
81756
81757
81758
81759
81760
81761
81762
81763
81764
81770
81771
81772
81773
81774
81995
81996
81997
81998
81999
82215
82216
82217
82218
82219
82490
82491
82492
82493
82494
82790
82791
82792
82793
82794
82825
82826
82827
82828
82829
83105
83106
83107
83108
83109
83110
83111
83112
83113
83114
83195
83196
83197
83198
83199
83200
83201
83202
83203
83204
83205
83206
83207
83208
83209
83210
83211
83212
83213
83214
83215
83216
83217
83218
83219
83220
83221
83222
83223
83224
83280
83281
83282
83283
83284
83285
83286
83287
83288
83289
83295
83296
83297
83298
83299
83335
83336
83337
83338
83339
83410
83411
83412
83413
83414
83415
83416
83417
83418
83419
83435
83436
83437
83438
83439
83450
83451
83452
83453
83454
83460
83461
83462
83463
83464
83465
83466
83467
83468
83469
83470
83471
83472
83473
83474
83475
83476
83477
83478
83479
83480
83481
83482
83483
83484
83485
83486
83487
83488
83489
83490
83491
83492
83493
83494
83655
83656
83657
83658
83659
83740
83741
83742
83743
83744
83765
83766
83767
83768
83769
83770
83771
83772
83773
83774
83780
83781
83782
83783
83784
83830
83831
83832
83833
83834
83985
83986
83987
83988
83989
83990
83991
83992
83993
83994
83995
83996
83997
83998
83999
84005
84006
84007
84008
84009
84010
84011
84012
84013
84014
84030
84031
84032
84033
84034
84035
84036
84037
84038
84039
84095
84096
84097
84098
84099
84255
84256
84257
84258
84259
84335
84336
84337
84338
84339
84390
84391
84392
84393
84394
84425
84426
84427
84428
84429
84475
84476
84477
84478
84479
84490
84492
84493
84494
84550
84551
84552
84553
84554
84625
84626
84627
84628
84629
84770
84771
84772
84773
84774
84785
84786
84787
84788
84789
84790
84791
84792
84793
84794
84810
84811
84812
84813
84814
84815
84816
84817
84818
84819
84840
84841
84842
84843
84844
84850
84851
84852
84853
84854
84860
84861
84862
84863
84864
84915
84916
84917
84918
84919
84920
84921
84922
84923
84924
84935
84936
84937
84938
84939
84940
84941
84942
84943
84944
84960
84961
84962
84963
84964
84985
84986
84987
84988
84989
84990
84991
84992
84993
84994
85000
85001
85002
85003
85004
85005
85006
85007
85008
85009
85010
85011
85012
85013
85014
85015
85016
85017
85018
85019
85020
85021
85022
85023
85024
85025
85026
85027
85028
85029
85030
85031
85032
85033
85034
85070
85071
85072
85073
85074
85085
85086
85087
85088
85089
85095
85096
85097
85098
85099
85105
85106
85107
85108
85109
85110
85111
85112
85113
85114
85115
85116
85117
85118
85119
85120
85121
85122
85123
85124
85150
85151
85152
85153
85154
85355
85356
85357
85358
85359
85380
85381
85382
85383
85384
85400
85401
85402
85403
85404
85500
85501
85502
85503
85504
85570
85571
85572
85573
85574
85910
85911
85912
85913
85914
86375
86376
86377
86378
86379
86380
86381
86382
86383
86384
86385
86386
86387
86388
86389
86430
86431
86432
86433
86434
86435
86436
86437
86438
86439
86440
86441
86442
86443
86444
86445
86446
86447
86448
86449
86475
86476
86477
86478
86479
86480
86481
86482
86483
86484
86485
86486
86487
86488
86489
86495
86496
86497
86498
86499
86500
86501
86502
86503
86504
86505
86506
86507
86508
86509
86530
86531
86532
86533
86534
86620
86621
86622
86623
86624
86625
86626
86627
86628
86629
86630
86631
86632
86633
86634
86640
86641
86642
86643
86644
86765
86766
86767
86768
86769
87085
87086
87087
87088
87089
